                              ex 2 from wing paper
                              transient  Wed Aug  4 21:14:23  1993
--------------------------------------------------------------------------------
Index   time            v(2)            
--------------------------------------------------------------------------------
0	0.000000e+00	0.000000e+00	
1	2.000000e-13	2.000001e-03	
2	4.000000e-13	4.000002e-03	
3	8.000000e-13	8.000009e-03	
4	1.600000e-12	1.600004e-02	
5	3.200000e-12	3.200014e-02	
6	6.400000e-12	6.400057e-02	
7	1.280000e-11	1.280023e-01	
8	2.560000e-11	2.560091e-01	
9	4.560000e-11	4.560289e-01	
10	5.000000e-11	5.000347e-01	
11	5.200000e-11	5.000375e-01	
12	5.600000e-11	5.000431e-01	
13	6.400000e-11	5.000542e-01	
14	8.000000e-11	5.000764e-01	
15	1.000000e-10	5.001041e-01	
16	1.200000e-10	5.001319e-01	
17	1.400000e-10	5.001597e-01	
18	1.600000e-10	5.001874e-01	
19	1.800000e-10	5.002152e-01	
20	2.000000e-10	5.002429e-01	
21	2.200000e-10	5.002707e-01	
22	2.400000e-10	5.002984e-01	
23	2.600000e-10	5.003262e-01	
24	2.800000e-10	5.003539e-01	
25	3.000000e-10	5.003817e-01	
26	3.200000e-10	5.004094e-01	
27	3.400000e-10	5.004371e-01	
28	3.600000e-10	5.004648e-01	
29	3.800000e-10	5.004926e-01	
30	4.000000e-10	5.005203e-01	
31	4.200000e-10	5.005425e-01	
32	4.400000e-10	5.005536e-01	
33	4.500000e-10	5.005555e-01	
34	4.520000e-10	4.805556e-01	
35	4.560000e-10	4.405555e-01	
36	4.640000e-10	3.605535e-01	
37	4.800000e-10	2.005438e-01	
38	5.000000e-10	5.215908e-04	
39	5.020000e-10	5.188149e-04	
40	5.060000e-10	5.132633e-04	
41	5.140000e-10	5.021605e-04	
42	5.300000e-10	4.799409e-04	
43	5.500000e-10	4.521731e-04	
44	5.700000e-10	4.244083e-04	
45	5.900000e-10	3.966467e-04	
46	6.100000e-10	3.688881e-04	
47	6.300000e-10	3.411326e-04	
48	6.500000e-10	3.133863e-04	
49	6.700000e-10	2.856308e-04	
50	6.900000e-10	2.578845e-04	
51	7.100000e-10	2.301460e-04	
52	7.300000e-10	2.023936e-04	
53	7.500000e-10	1.746565e-04	
54	7.700000e-10	1.469226e-04	

Index   time            v(2)            
--------------------------------------------------------------------------------
55	7.900000e-10	1.191917e-04	
56	8.100000e-10	9.146395e-05	
57	8.300000e-10	6.373925e-05	
58	8.500000e-10	3.601763e-05	
59	8.700000e-10	1.384816e-05	
60	8.900000e-10	2.767005e-06	
61	9.100000e-10	-1.660184e-09	
62	9.300000e-10	-1.673538e-09	
63	9.500000e-10	-1.685411e-09	
64	9.700000e-10	-1.695892e-09	
65	9.900000e-10	-1.705062e-09	
66	1.000000e-09	-1.709179e-09	
