                              ex 2 from wing paper
                              transient  Wed Aug  4 21:14:23  1993
--------------------------------------------------------------------------------
Index   time            v(3)            
--------------------------------------------------------------------------------
0	0.000000e+00	0.000000e+00	
1	2.000000e-13	0.000000e+00	
2	4.000000e-13	0.000000e+00	
3	8.000000e-13	0.000000e+00	
4	1.600000e-12	0.000000e+00	
5	3.200000e-12	0.000000e+00	
6	6.400000e-12	0.000000e+00	
7	1.280000e-11	0.000000e+00	
8	2.560000e-11	0.000000e+00	
9	4.560000e-11	0.000000e+00	
10	5.000000e-11	0.000000e+00	
11	5.200000e-11	0.000000e+00	
12	5.600000e-11	0.000000e+00	
13	6.400000e-11	0.000000e+00	
14	8.000000e-11	0.000000e+00	
15	1.000000e-10	0.000000e+00	
16	1.200000e-10	0.000000e+00	
17	1.400000e-10	0.000000e+00	
18	1.600000e-10	0.000000e+00	
19	1.800000e-10	0.000000e+00	
20	2.000000e-10	5.164281e-16	
21	2.200000e-10	1.997779e-01	
22	2.400000e-10	3.995558e-01	
23	2.600000e-10	4.994434e-01	
24	2.800000e-10	4.994434e-01	
25	3.000000e-10	4.994435e-01	
26	3.200000e-10	4.994435e-01	
27	3.400000e-10	4.994435e-01	
28	3.600000e-10	4.994435e-01	
29	3.800000e-10	4.994436e-01	
30	4.000000e-10	4.994436e-01	
31	4.200000e-10	4.994436e-01	
32	4.400000e-10	4.994436e-01	
33	4.500000e-10	4.994436e-01	
34	4.520000e-10	4.994436e-01	
35	4.560000e-10	4.994436e-01	
36	4.640000e-10	4.994436e-01	
37	4.800000e-10	4.994436e-01	
38	5.000000e-10	4.994437e-01	
39	5.020000e-10	4.994437e-01	
40	5.060000e-10	4.994437e-01	
41	5.140000e-10	4.994437e-01	
42	5.300000e-10	4.994437e-01	
43	5.500000e-10	4.994437e-01	
44	5.700000e-10	4.994437e-01	
45	5.900000e-10	4.994437e-01	
46	6.100000e-10	4.994437e-01	
47	6.300000e-10	4.994437e-01	
48	6.500000e-10	4.994437e-01	
49	6.700000e-10	2.996658e-01	
50	6.900000e-10	9.988785e-02	
51	7.100000e-10	2.602097e-07	
52	7.300000e-10	2.327662e-07	
53	7.500000e-10	2.068793e-07	
54	7.700000e-10	1.825360e-07	

Index   time            v(3)            
--------------------------------------------------------------------------------
55	7.900000e-10	1.597360e-07	
56	8.100000e-10	1.384790e-07	
57	8.300000e-10	1.187646e-07	
58	8.500000e-10	1.005923e-07	
59	8.700000e-10	8.396198e-08	
60	8.900000e-10	6.887340e-08	
61	9.100000e-10	5.532595e-08	
62	9.300000e-10	4.331961e-08	
63	9.500000e-10	3.285419e-08	
64	9.700000e-10	2.392900e-08	
65	9.900000e-10	1.654369e-08	
66	1.000000e-09	1.342981e-08	
